image: 16_tcall_for_costmap.pgm
resolution: 0.050000
origin: [-3.000000, -46.000000, 0.000000]
negate: 0
occupied_thresh: 0.65
free_thresh: 0.196

